500760100103500900900003804006095000090004560030000710071080300200600000004000027
000070054206000009090402100089106030620007045703008000035061007070520081000000000
090070302500180040463500700006000900007326081080009000000840006305000004008005020
060010000270306080000002093080025070000000048640709005801060024004100300950003017
009040803600509020801300504500026040007000100463091005302900007090600000000075008
500027000804000900610800000208530794001760580030004000400090050007400020029600038
807200046090803700020050010500700203060009080403605000231080005005014009000000600
700400803048020600000003009204060091179500000000700500062900057005080000030010204
001209008500010600008053004002000070036008415090304000040000080050796001007005396
000604030200000000007000805020809050310000007900735610002008504600100090580472300
500806010001004807230900600067015002900000070005020308400000003000090025312007940
019500020500903076600000100000200300068000900023041507090600081004050000180320704
408001050300000790071603080050020009000070003090004160010480002006005000047309800
060418030340000807000500200106203780080090000002604500029000000401009053000176009